0 0.294424 0.668474 0.079950 0.077187
0 0.439653 0.740875 0.066768 0.066341
0 0.551923 0.651250 0.059962 0.060601
0 0.655050 0.566728 0.047630 0.051034
0 0.446648 0.878311 0.067236 0.078526
0 0.199589 0.859207 0.054434 0.064428
0 0.278689 0.502619 0.067192 0.063151
0 0.257850 0.206952 0.082502 0.082928
0 0.520028 0.206314 0.065066 0.067618
0 0.555964 0.327197 0.054434 0.064428
0 0.825795 0.218434 0.065917 0.070171
0 0.851950 0.290198 0.056136 0.068257
0 0.769001 0.483769 0.086796 0.072784
0 0.795175 0.558436 0.055710 0.061238
0 0.770702 0.716316 0.112314 0.103978
0 0.702255 0.863352 0.045929 0.054858
0 0.817077 0.898756 0.051032 0.061877
0 0.862369 0.903540 0.057410 0.061238
0 0.845337 0.791906 0.114439 0.096962
0 0.923607 0.740875 0.047204 0.058688
0 0.867259 0.399279 0.081652 0.065702
0 0.792837 0.045562 0.052732 0.054861
