0 0.354526 0.109168 0.083038 0.071649
0 0.392702 0.191290 0.074295 0.070546
0 0.281039 0.159874 0.071280 0.069445
0 0.198368 0.060118 0.054380 0.055115
0 0.157216 0.326321 0.070546 0.065036
0 0.238784 0.277269 0.080835 0.063933
0 0.318317 0.356221 0.070878 0.067510
0 0.391675 0.437820 0.059537 0.054221
0 0.619946 0.535572 0.088183 0.086346
0 0.644135 0.359665 0.070423 0.081752
0 0.914263 0.389279 0.036506 0.048894
0 0.958733 0.284829 0.032604 0.047312
0 0.889627 0.531749 0.048905 0.049969
0 0.940482 0.582517 0.048551 0.057942
0 0.736709 0.777343 0.054931 0.049969
0 0.647226 0.255593 0.046071 0.047310
0 0.614268 0.111532 0.040401 0.052627
0 0.343691 0.935222 0.057058 0.055286
0 0.271395 0.915287 0.045716 0.053690
0 0.798557 0.308817 0.061796 0.066817
0 0.944870 0.125620 0.085478 0.102702
0 0.861731 0.197383 0.107167 0.084204
0 0.833875 0.240441 0.061663 0.069531
0 0.702680 0.192280 0.103764 0.103339
0 0.546821 0.785847 0.087179 0.105252
0 0.404994 0.706748 0.095260 0.091221
