0 0.493667 0.421356 0.048689 0.055644
0 0.206131 0.295575 0.099774 0.075351
0 0.648621 0.204573 0.100470 0.078829
0 0.784641 0.334990 0.083468 0.075351
0 0.847975 0.253841 0.038720 0.047529
0 0.568632 0.733775 0.050236 0.059123
0 0.798553 0.721603 0.047917 0.053327
0 0.463526 0.956934 0.053327 0.071873
0 0.368041 0.858397 0.092819 0.081149
0 0.948483 0.492070 0.057191 0.067236
0 0.825989 0.105456 0.090423 0.105493
0 0.904046 0.103137 0.051780 0.054486
0 0.955053 0.146609 0.054872 0.067238
0 0.604531 0.057927 0.069633 0.068397
0 0.628141 0.115309 0.053327 0.057964
