0 0.182621 0.175588 0.079383 0.088243
0 0.255767 0.077883 0.057412 0.065387
0 0.503840 0.065897 0.114112 0.123380
0 0.590133 0.128385 0.083282 0.057942
0 0.542114 0.226993 0.064500 0.077611
0 0.659062 0.094894 0.053867 0.059005
0 0.958521 0.174632 0.039692 0.048375
0 0.916154 0.320817 0.038663 0.051562
0 0.805230 0.374746 0.062761 0.059589
0 0.642743 0.476013 0.043979 0.049493
0 0.554695 0.571459 0.047133 0.054221
0 0.450486 0.592696 0.068433 0.067031
0 0.336922 0.564548 0.057412 0.060601
0 0.640634 0.770272 0.040399 0.043591
0 0.552922 0.780637 0.069816 0.082394
0 0.504017 0.835125 0.065562 0.090370
0 0.420187 0.849452 0.078710 0.061716
0 0.417351 0.957096 0.057446 0.071817
0 0.727813 0.926558 0.058829 0.061663
0 0.708591 0.556458 0.107593 0.082925
0 0.707103 0.657885 0.062941 0.072721
0 0.809380 0.593775 0.042103 0.054224
0 0.855308 0.626626 0.059963 0.053584
0 0.627366 0.540510 0.048905 0.056135
0 0.676399 0.845428 0.079099 0.112909
