0 0.483667 0.065339 0.056986 0.062514
0 0.664193 0.634983 0.046354 0.058687
0 0.554240 0.514070 0.068936 0.084904
0 0.486432 0.483162 0.105893 0.113546
0 0.354579 0.739567 0.067660 0.066404
0 0.666107 0.782657 0.048481 0.059325
0 0.948698 0.691756 0.041252 0.051031
0 0.699278 0.297534 0.056136 0.051034
0 0.779441 0.303912 0.029343 0.039550
0 0.625474 0.353000 0.087223 0.097024
0 0.821968 0.351756 0.060814 0.061238
0 0.933367 0.270709 0.065958 0.093197
0 0.968047 0.190367 0.045928 0.057411
0 0.864899 0.151423 0.077016 0.111058
0 0.501104 0.216202 0.088455 0.095048
0 0.545310 0.131648 0.066383 0.097026
0 0.436675 0.066294 0.048905 0.061877
