0 0.177986 0.211582 0.060635 0.061428
0 0.298825 0.289613 0.052804 0.056346
0 0.307685 0.459721 0.067687 0.076548
0 0.457237 0.384767 0.054929 0.056346
0 0.492499 0.662785 0.053867 0.055286
0 0.434733 0.748903 0.080091 0.072296
0 0.489132 0.834487 0.037210 0.051031
0 0.703006 0.781328 0.037564 0.048906
0 0.776011 0.755546 0.046071 0.049438
0 0.574717 0.431014 0.042527 0.052096
0 0.618131 0.402043 0.086117 0.082394
0 0.519256 0.158578 0.052803 0.061132
0 0.444656 0.055982 0.063790 0.060070
0 0.286776 0.048540 0.077611 0.074954
0 0.030631 0.679892 0.048905 0.067615
0 0.587305 0.951000 0.064216 0.068894
0 0.702552 0.458859 0.071870 0.056772
0 0.764429 0.507020 0.094410 0.075272
0 0.915399 0.642256 0.039974 0.051031
0 0.690858 0.622481 0.078248 0.066341
0 0.716374 0.570811 0.051883 0.061238
