0 0.279015 0.175853 0.088598 0.071764
0 0.109776 0.251339 0.090050 0.078673
0 0.515038 0.450683 0.083282 0.070168
0 0.616571 0.532814 0.051740 0.053690
0 0.720938 0.355263 0.042171 0.054752
0 0.551895 0.237518 0.064854 0.077613
0 0.630393 0.315927 0.070878 0.066450
0 0.477296 0.152464 0.046780 0.045716
0 0.555261 0.114190 0.046779 0.046779
0 0.652188 0.127745 0.088952 0.072827
0 0.587494 0.156718 0.045397 0.052094
0 0.770198 0.106216 0.081864 0.071231
0 0.889805 0.172665 0.039691 0.052094
0 0.899905 0.049603 0.064853 0.055817
0 0.856670 0.239910 0.044298 0.053690
0 0.847278 0.311674 0.104191 0.097281
0 0.806878 0.443507 0.054577 0.067510
0 0.774274 0.499058 0.072295 0.063788
0 0.788627 0.754750 0.049968 0.054221
0 0.750530 0.814819 0.090724 0.092498
0 0.404483 0.846129 0.073146 0.058050
0 0.392450 0.081631 0.052864 0.059805
