0 0.403335 0.237954 0.059708 0.058178
0 0.543520 0.167224 0.056136 0.065067
0 0.132966 0.467292 0.057667 0.065065
0 0.626958 0.065032 0.063790 0.081142
0 0.638950 0.366248 0.042867 0.045163
0 0.872932 0.178323 0.066851 0.056647
0 0.605329 0.946313 0.060788 0.054635
0 0.509225 0.919732 0.090566 0.079738
0 0.403881 0.951850 0.081732 0.087858
0 0.708077 0.866944 0.044298 0.050204
0 0.818455 0.829657 0.034208 0.048728
0 0.829284 0.928591 0.065218 0.068663
0 0.900776 0.928038 0.073338 0.075678
0 0.919727 0.841287 0.055127 0.057219
0 0.765764 0.417919 0.071955 0.078079
0 0.592256 0.666317 0.049502 0.054351
0 0.666762 0.751668 0.096450 0.099514
0 0.874463 0.362804 0.046439 0.050522
0 0.824707 0.491787 0.053074 0.062002
0 0.846906 0.628809 0.063790 0.068127
0 0.956625 0.350173 0.060728 0.075784
0 0.970913 0.513987 0.049500 0.054349
0 0.797149 0.386916 0.065321 0.055880
