0 0.421119 0.027464 0.059758 0.054928
0 0.625018 0.208788 0.057155 0.062769
0 0.681409 0.124970 0.062769 0.071190
0 0.557911 0.322846 0.066851 0.055115
0 0.411679 0.358441 0.071495 0.075781
0 0.251693 0.183528 0.054655 0.078079
0 0.395885 0.507327 0.060218 0.062769
0 0.594909 0.484363 0.056136 0.065832
0 0.652321 0.572393 0.051542 0.058175
0 0.763315 0.487806 0.047970 0.065065
0 0.783192 0.554022 0.044958 0.048990
0 0.705113 0.383702 0.073537 0.074250
0 0.639792 0.419679 0.081702 0.084969
0 0.688043 0.282657 0.071955 0.071190
0 0.832208 0.443410 0.051032 0.054349
0 0.964126 0.434606 0.038274 0.045928
0 0.940115 0.520340 0.049551 0.055113
0 0.810239 0.082484 0.047000 0.045930
0 0.968209 0.258929 0.058687 0.054349
0 0.846752 0.353083 0.094409 0.084969
0 0.797760 0.268496 0.084207 0.085733
0 0.707945 0.817730 0.054604 0.077315
0 0.702589 0.934849 0.050014 0.051288
0 0.388714 0.856002 0.077620 0.069659
0 0.645687 0.744244 0.047460 0.057411
