0 0.270702 0.410647 0.064913 0.060625
0 0.223487 0.330822 0.104718 0.083591
0 0.392199 0.238505 0.047766 0.053279
0 0.596736 0.189821 0.048990 0.053276
0 0.535498 0.335875 0.078386 0.069813
0 0.530099 0.480535 0.084713 0.070425
0 0.546174 0.568947 0.072976 0.097216
0 0.531885 0.705587 0.075016 0.070423
0 0.640073 0.789024 0.058688 0.065832
0 0.740861 0.720895 0.061239 0.078079
0 0.869206 0.792851 0.063790 0.068894
0 0.922280 0.860213 0.056646 0.064300
0 0.788806 0.874375 0.107218 0.088029
0 0.733716 0.927958 0.070423 0.084969
0 0.851856 0.547514 0.039295 0.045163
0 0.751552 0.568948 0.071495 0.086498
0 0.789597 0.418531 0.054604 0.047462
0 0.915135 0.467139 0.042357 0.052817
0 0.860251 0.437285 0.057207 0.065065
