0 0.510127 0.171071 0.079861 0.086945
0 0.661734 0.352300 0.093385 0.082115
0 0.834303 0.194786 0.034199 0.045500
0 0.958634 0.266322 0.039287 0.047337
0 0.847183 0.568648 0.045790 0.053228
0 0.962498 0.694284 0.063758 0.076317
0 0.867470 0.787942 0.055450 0.082212
0 0.892620 0.949321 0.054099 0.068589
0 0.384477 0.592365 0.056675 0.065692
0 0.518436 0.474024 0.069554 0.078250
0 0.703917 0.258594 0.065691 0.062793
0 0.688751 0.136340 0.053521 0.071584
0 0.702235 0.623665 0.119079 0.073450
0 0.605208 0.860160 0.058173 0.074550
0 0.600534 0.921893 0.090755 0.082195
0 0.419867 0.278350 0.096670 0.108296
0 0.219925 0.344090 0.045726 0.054099
0 0.258213 0.517930 0.065756 0.067721
0 0.506199 0.654675 0.063115 0.089841
0 0.638870 0.570629 0.045083 0.055065
0 0.765101 0.760941 0.032202 0.049267
0 0.816302 0.919374 0.067623 0.089844
0 0.442118 0.830981 0.097248 0.094673
0 0.296856 0.961832 0.059314 0.059024
0 0.630788 0.757029 0.048367 0.068688
0 0.449171 0.955553 0.111482 0.081245
