0 0.422179 0.070099 0.086559 0.081149
0 0.484357 0.117048 0.051864 0.054486
0 0.540423 0.072417 0.041734 0.053325
0 0.544288 0.215585 0.088104 0.089262
0 0.464685 0.441063 0.068011 0.074192
0 0.316260 0.358754 0.055723 0.051007
0 0.615002 0.379621 0.065691 0.062599
0 0.773822 0.446858 0.049462 0.048687
0 0.873131 0.185445 0.040962 0.054486
0 0.901727 0.420775 0.040960 0.061440
0 0.858792 0.548874 0.041816 0.048690
0 0.533854 0.671756 0.045596 0.057964
0 0.185303 0.593505 0.074965 0.082308
0 0.634324 0.779566 0.059510 0.067238
0 0.765320 0.796956 0.051008 0.051007
0 0.526126 0.849123 0.064146 0.090423
0 0.572458 0.845645 0.045675 0.067238
