0 0.348433 0.148584 0.098663 0.106529
0 0.568509 0.213012 0.070168 0.086115
0 0.564893 0.329429 0.073146 0.075272
0 0.609547 0.381737 0.042527 0.053584
0 0.787734 0.195470 0.034022 0.049757
0 0.832599 0.295302 0.049756 0.052945
0 0.621667 0.251286 0.042101 0.063154
0 0.945933 0.192280 0.038274 0.054858
0 0.826412 0.082849 0.051074 0.056837
0 0.399465 0.836560 0.099513 0.107168
0 0.804319 0.589692 0.045929 0.049755
0 0.924244 0.711531 0.046780 0.058687
0 0.349921 0.639450 0.076974 0.086755
0 0.937640 0.646147 0.044652 0.058048
0 0.849163 0.455383 0.053202 0.068320
0 0.797090 0.430536 0.063792 0.092495
0 0.639082 0.049677 0.047247 0.051733
0 0.444118 0.111267 0.091008 0.089308
0 0.502784 0.093724 0.071487 0.098875
0 0.232760 0.903540 0.086755 0.079099
0 0.629534 0.723651 0.056986 0.056135
0 0.694388 0.899712 0.051458 0.076548
0 0.830686 0.678362 0.068042 0.071445
