0 0.767704 0.315191 0.055115 0.063536
0 0.817460 0.279214 0.050522 0.052817
0 0.427039 0.777159 0.055675 0.065832
0 0.869002 0.162095 0.085223 0.065065
0 0.628897 0.178553 0.105127 0.096452
0 0.551599 0.330678 0.034849 0.046957
0 0.753389 0.494314 0.059248 0.065065
0 0.672784 0.597654 0.084713 0.080375
0 0.773317 0.749214 0.038785 0.049745
0 0.887119 0.938292 0.046949 0.063536
0 0.902173 0.428865 0.052564 0.065832
0 0.844506 0.343131 0.062769 0.073488
0 0.428086 0.477474 0.059707 0.094154
0 0.302291 0.508858 0.079611 0.086500
0 0.281878 0.558996 0.053074 0.050522
0 0.609504 0.936762 0.046950 0.051288
0 0.579804 0.315617 0.061723 0.065560
0 0.683986 0.243236 0.047000 0.045163
0 0.795006 0.167071 0.047460 0.061238
0 0.722030 0.853325 0.077058 0.083437
0 0.376288 0.393269 0.091857 0.107933
