0 0.341030 0.528006 0.074192 0.060281
0 0.415610 0.669436 0.059508 0.069555
0 0.326694 0.767975 0.078135 0.076512
0 0.320163 0.923316 0.049462 0.051007
0 0.567860 0.747688 0.112062 0.079990
0 0.680308 0.730298 0.064920 0.070716
0 0.591187 0.272062 0.052329 0.059038
0 0.815555 0.863614 0.058736 0.059123
0 0.701433 0.649427 0.035779 0.047632
0 0.670573 0.587370 0.061720 0.064404
0 0.708588 0.409255 0.043830 0.055683
0 0.959942 0.284474 0.050986 0.047630
0 0.943617 0.222754 0.092580 0.085200
0 0.597202 0.408552 0.056397 0.063800
0 0.649106 0.306948 0.076032 0.075137
0 0.504175 0.178107 0.054609 0.057762
0 0.761788 0.488385 0.090388 0.081240
