0 0.740186 0.536689 0.033849 0.044036
0 0.406485 0.524912 0.051800 0.061599
0 0.707821 0.621091 0.043187 0.049053
0 0.727841 0.842020 0.030080 0.040440
0 0.656038 0.318498 0.046216 0.047519
0 0.721447 0.426787 0.042487 0.044724
0 0.717635 0.731395 0.036487 0.045589
0 0.812381 0.681224 0.042490 0.048529
0 0.783329 0.804488 0.045941 0.048207
0 0.799182 0.867577 0.025883 0.035264
0 0.620698 0.449791 0.044258 0.052024
0 0.488310 0.492303 0.069883 0.078034
0 0.647098 0.629583 0.039599 0.055906
0 0.586145 0.644530 0.085928 0.109094
0 0.503451 0.617742 0.057200 0.048531
0 0.555216 0.253927 0.058752 0.063281
0 0.371581 0.291197 0.054870 0.059399
0 0.728498 0.358556 0.043482 0.051248
0 0.760191 0.371368 0.029272 0.038048
0 0.781944 0.298573 0.030282 0.041541
0 0.814543 0.390779 0.047907 0.044260
0 0.866192 0.318374 0.051248 0.052411
0 0.847945 0.288674 0.044777 0.051248
0 0.777674 0.188121 0.036236 0.045810
0 0.777545 0.146969 0.047881 0.050471
0 0.844955 0.202292 0.045061 0.053964
0 0.806533 0.208115 0.061857 0.071048
0 0.906567 0.182297 0.045035 0.046589
0 0.444127 0.191871 0.044575 0.052575
0 0.466765 0.201981 0.040280 0.051226
0 0.081065 0.737008 0.124857 0.088329
0 0.285494 0.951127 0.059633 0.060380
0 0.557755 0.948612 0.047333 0.044166
0 0.644781 0.932930 0.063361 0.065466
0 0.598567 0.906404 0.046216 0.051433
0 0.540984 0.877053 0.073423 0.066529
0 0.461224 0.823383 0.068205 0.057584
0 0.457683 0.860252 0.052178 0.038630
0 0.863373 0.899136 0.048080 0.048079
0 0.845297 0.964825 0.050687 0.065409
0 0.843806 0.741202 0.039506 0.053111
0 0.890208 0.750147 0.067460 0.076591
0 0.949282 0.404649 0.051433 0.063173
0 0.775414 0.073938 0.051806 0.055962
0 0.813802 0.027256 0.054046 0.053166
