0 0.550895 0.855421 0.051524 0.051202
0 0.430461 0.368047 0.070845 0.086945
0 0.447205 0.580579 0.082436 0.073418
0 0.262368 0.611010 0.048947 0.056995
0 0.797238 0.803254 0.045726 0.053132
0 0.706107 0.893096 0.066981 0.064726
0 0.755054 0.105233 0.064404 0.059990
0 0.384865 0.256565 0.086941 0.080183
0 0.461052 0.906138 0.048303 0.067623
0 0.710938 0.613861 0.088232 0.080279
0 0.678736 0.430358 0.098537 0.091774
0 0.698058 0.511506 0.052167 0.072454
0 0.944401 0.185416 0.055388 0.058058
0 0.845863 0.036644 0.043793 0.050332
