0 0.416808 0.734665 0.104978 0.123656
0 0.635457 0.777654 0.048946 0.051202
0 0.802584 0.410071 0.044438 0.057964
0 0.853784 0.483007 0.054098 0.060861
0 0.929781 0.262749 0.112063 0.084046
0 0.750739 0.137161 0.043795 0.047337
0 0.622576 0.061809 0.056675 0.066656
0 0.340745 0.413060 0.066907 0.078125
0 0.451656 0.589231 0.053418 0.049856
0 0.687946 0.864599 0.067623 0.068591
0 0.892748 0.756401 0.050878 0.062793
0 0.842837 0.557877 0.042506 0.050236
0 0.811922 0.606180 0.068268 0.061827
0 0.498600 0.137161 0.090809 0.107231
0 0.898545 0.035727 0.041862 0.055065
0 0.606504 0.887720 0.085604 0.080329
0 0.754925 0.542904 0.049591 0.047337
0 0.691810 0.435189 0.050880 0.057964
0 0.760078 0.385919 0.040575 0.042507
0 0.553151 0.804688 0.109508 0.074120
