0 0.557634 0.045904 0.038393 0.047620
0 0.281833 0.212024 0.082446 0.087981
0 0.130459 0.162142 0.090444 0.094779
0 0.382820 0.481683 0.108188 0.091091
0 0.329236 0.698314 0.061239 0.071190
0 0.735937 0.240448 0.047498 0.050575
0 0.789636 0.189875 0.058080 0.059433
0 0.838241 0.104416 0.057341 0.058327
0 0.864821 0.275150 0.047006 0.055743
0 0.920809 0.290470 0.037901 0.043560
0 0.942466 0.355810 0.062510 0.062755
0 0.838857 0.407123 0.073338 0.079000
0 0.729463 0.430915 0.070631 0.082358
0 0.746957 0.817565 0.046365 0.049615
0 0.514240 0.931168 0.077080 0.084654
0 0.903331 0.852561 0.037210 0.051387
0 0.675247 0.491954 0.043067 0.056481
0 0.645961 0.451901 0.074079 0.060543
0 0.553302 0.529793 0.061034 0.062755
0 0.655732 0.573613 0.109861 0.091255
0 0.640728 0.847999 0.122854 0.080180
0 0.556561 0.817433 0.077965 0.081952
