0 0.395849 0.124025 0.068468 0.081651
0 0.486432 0.175056 0.074421 0.071445
0 0.549776 0.195119 0.054051 0.055560
0 0.430488 0.249978 0.063832 0.054284
0 0.292935 0.243950 0.055710 0.066341
0 0.477714 0.398641 0.079950 0.079738
0 0.636977 0.355264 0.055710 0.054221
0 0.754563 0.339954 0.085053 0.082288
0 0.851523 0.386202 0.070595 0.103341
0 0.941681 0.452225 0.051032 0.063151
0 0.844083 0.677724 0.046354 0.045928
0 0.773913 0.807535 0.072720 0.079738
0 0.872362 0.818380 0.069744 0.084841
0 0.604656 0.869731 0.048905 0.054861
0 0.612099 0.804346 0.079101 0.073361
0 0.643356 0.752995 0.052308 0.058688
0 0.559791 0.624776 0.059537 0.068894
0 0.525982 0.951382 0.053159 0.063788
